MFEM mesh v1.0

#
# MFEM Geometry Types (see mesh/geom.hpp):
#
# POINT       = 0
# SEGMENT     = 1
# TRIANGLE    = 2
# SQUARE      = 3
# TETRAHEDRON = 4
# CUBE        = 5
# PRISM       = 6
# PYRAMID     = 7
#

dimension
2

elements
80
1 3 0 31 81 34
1 3 31 11 32 81
1 3 81 32 26 33
1 3 34 81 33 14
1 3 0 34 82 37
1 3 34 14 35 82
1 3 82 35 27 36
1 3 37 82 36 17
1 3 0 37 83 40
1 3 37 17 38 83
1 3 83 38 28 39
1 3 40 83 39 20
1 3 0 40 84 43
1 3 40 20 41 84
1 3 84 41 29 42
1 3 43 84 42 23
1 3 0 43 85 31
1 3 43 23 44 85
1 3 85 44 30 45
1 3 31 85 45 11
1 3 11 46 86 32
1 3 46 1 47 86
1 3 86 47 12 48
1 3 32 86 48 26
1 3 26 48 87 51
1 3 48 12 49 87
1 3 87 49 3 50
1 3 51 87 50 13
1 3 14 33 88 53
1 3 33 26 51 88
1 3 88 51 13 52
1 3 53 88 52 2
1 3 14 53 89 35
1 3 53 2 54 89
1 3 89 54 15 55
1 3 35 89 55 27
1 3 27 55 90 58
1 3 55 15 56 90
1 3 90 56 5 57
1 3 58 90 57 16
1 3 17 36 91 60
1 3 36 27 58 91
1 3 91 58 16 59
1 3 60 91 59 4
1 3 17 60 92 38
1 3 60 4 61 92
1 3 92 61 18 62
1 3 38 92 62 28
1 3 28 62 93 65
1 3 62 18 63 93
1 3 93 63 7 64
1 3 65 93 64 19
1 3 20 39 94 67
1 3 39 28 65 94
1 3 94 65 19 66
1 3 67 94 66 6
1 3 20 67 95 41
1 3 67 6 68 95
1 3 95 68 21 69
1 3 41 95 69 29
1 3 29 69 96 72
1 3 69 21 70 96
1 3 96 70 9 71
1 3 72 96 71 22
1 3 23 42 97 74
1 3 42 29 72 97
1 3 97 72 22 73
1 3 74 97 73 8
1 3 23 74 98 44
1 3 74 8 75 98
1 3 98 75 24 76
1 3 44 98 76 30
1 3 30 76 99 79
1 3 76 24 77 99
1 3 99 77 10 78
1 3 79 99 78 25
1 3 11 45 100 46
1 3 45 30 79 100
1 3 100 79 25 80
1 3 46 100 80 1

boundary
40
1 1 13 52
1 1 52 2
1 1 12 49
1 1 49 3
1 1 16 59
1 1 59 4
1 1 15 56
1 1 56 5
1 1 19 66
1 1 66 6
1 1 18 63
1 1 63 7
1 1 22 73
1 1 73 8
1 1 21 70
1 1 70 9
1 1 25 80
1 1 80 1
1 1 24 77
1 1 77 10
1 1 3 50
1 1 50 13
1 1 1 47
1 1 47 12
1 1 5 57
1 1 57 16
1 1 2 54
1 1 54 15
1 1 7 64
1 1 64 19
1 1 4 61
1 1 61 18
1 1 9 71
1 1 71 22
1 1 6 68
1 1 68 21
1 1 10 78
1 1 78 25
1 1 8 75
1 1 75 24

vertices
101
2
0 0
1 0
0.309017 0.951057
1.30902 0.951057
-0.809017 0.587785
-0.5 1.53884
-0.809017 -0.587785
-1.61803 0
0.309017 -0.951057
-0.5 -1.53884
1.30902 -0.951057
0.5 0
1.15451 0.475529
0.809019 0.951057
0.154508 0.475529
-0.09549150000000001 1.24495
-0.654508 1.06331
-0.404508 0.293893
-1.21352 0.293893
-1.21352 -0.293892
-0.404508 -0.293893
-0.654508 -1.06331
-0.09549150000000001 -1.24495
0.154508 -0.475529
0.809019 -0.951057
1.15451 -0.475529
0.654509 0.475529
-0.25 0.769421
-0.809016 0
-0.25 -0.76942
0.654509 -0.475529
0.25 0
0.5772545 0.2377645
0.4045085 0.475529
0.077254 0.2377645
-0.047746 0.622475
-0.327254 0.531657
-0.202254 0.1469465
-0.606762 0.1469465
-0.606762 -0.1469465
-0.202254 -0.1469465
-0.327254 -0.5316565
-0.047746 -0.6224745
0.077254 -0.2377645
0.4045085 -0.475529
0.5772545 -0.2377645
0.75 0
1.077255 0.2377645
0.9045095 0.475529
1.231765 0.713293
1.0590195 0.951057
0.7317640000000001 0.713293
0.559018 0.951057
0.2317625 0.713293
0.10676275 1.0980035
-0.17274575 1.0071855
-0.29774575 1.391895
-0.5772539999999999 1.301075
-0.452254 0.9163654999999999
-0.7317625 0.8255475
-0.6067625 0.440839
-1.0112685 0.440839
-1.011268 0.1469465
-1.415775 0.1469465
-1.415775 -0.146946
-1.011268 -0.146946
-1.0112685 -0.4408385
-0.6067625 -0.440839
-0.7317625 -0.8255475
-0.452254 -0.916365
-0.5772539999999999 -1.301075
-0.29774575 -1.391895
-0.17274575 -1.007185
0.10676275 -1.0980035
0.2317625 -0.713293
0.559018 -0.951057
0.7317640000000001 -0.713293
1.0590195 -0.951057
1.231765 -0.713293
0.9045095 -0.475529
1.077255 -0.2377645
0.32725425 0.2377645
-0.125 0.38471075
-0.404508 0
-0.125 -0.3847105
0.32725425 -0.2377645
0.82725475 0.2377645
0.9817645 0.713293
0.48176325 0.713293
0.02950837499999999 0.8602392499999999
-0.374999875 1.15413025
-0.52950825 0.67860225
-0.8090152499999999 0.29389275
-1.2135215 2.500000000071889e-07
-0.80901525 -0.2938925
-0.52950825 -0.6786019999999999
-0.374999875 -1.15413
0.029508375 -0.8602390000000001
0.48176325 -0.713293
0.9817645000000002 -0.713293
0.82725475 -0.2377645
